20090407	2315	0.000E+00	0.000E+00
20090407	2415	0.000E+00	0.000E+00
20090408	0115	0.000E+00	0.000E+00
20090408	0215	0.000E+00	0.000E+00
20090408	0315	0.000E+00	0.000E+00
20090408	0415	0.000E+00	0.000E+00
20090408	0515	0.000E+00	0.000E+00
20090408	0615	0.000E+00	0.000E+00
20090408	0715	1.170E+01	4.680E+00
20090408	0815	2.860E+01	1.144E+01
20090408	0915	5.190E+01	2.076E+01
20090408	1015	1.182E+02	4.728E+01
20090408	1115	1.403E+02	5.612E+01
20090408	1215	1.726E+02	6.904E+01
20090408	1315	1.975E+02	7.900E+01
20090408	1415	2.684E+02	1.074E+02
20090408	1515	1.366E+02	5.464E+01
20090408	1615	1.198E+02	4.792E+01
20090408	1715	1.168E+02	4.672E+01
20090408	1815	1.594E+02	6.376E+01
20090408	1915	2.770E+01	1.108E+01
20090408	2015	0.000E+00	0.000E+00
20090408	2115	0.000E+00	0.000E+00
20090408	2215	0.000E+00	0.000E+00
20090408	2315	0.000E+00	0.000E+00
20090409	0015	0.000E+00	0.000E+00
20090409	0115	0.000E+00	0.000E+00
20090409	0215	0.000E+00	0.000E+00
20090409	0315	0.000E+00	0.000E+00
20090409	0415	0.000E+00	0.000E+00
20090409	0515	0.000E+00	0.000E+00
20090409	0615	5.000E+00	2.000E+00
20090409	0715	2.860E+01	1.144E+01
20090409	0815	6.950E+01	2.780E+01
20090409	0915	1.002E+02	4.008E+01
20090409	1015	1.277E+02	5.108E+01
20090409	1115	1.844E+02	7.376E+01
20090409	1215	2.782E+02	1.113E+02
20090409	1315	2.384E+02	9.536E+01
20090409	1415	1.948E+02	7.792E+01
20090409	1515	1.887E+02	7.548E+01
20090409	1615	2.590E+02	1.036E+02
20090409	1715	2.432E+02	9.728E+01
20090409	1815	1.070E+02	4.280E+01
20090409	1915	2.070E+01	8.280E+00
20090409	2015	0.000E+00	0.000E+00
20090409	2115	0.000E+00	0.000E+00
20090409	2215	0.000E+00	0.000E+00
20090409	2315	0.000E+00	0.000E+00
20090410	0015	0.000E+00	0.000E+00
20090410	0115	0.000E+00	0.000E+00
20090410	0215	0.000E+00	0.000E+00
20090410	0315	0.000E+00	0.000E+00
20090410	0415	0.000E+00	0.000E+00
20090410	0515	0.000E+00	0.000E+00
20090410	0615	1.790E+01	7.160E+00
20090410	0715	7.820E+01	3.128E+01
20090410	0815	2.811E+02	1.124E+02
20090410	0915	3.054E+02	1.222E+02
20090410	1015	4.189E+02	1.676E+02
20090410	1115	4.815E+02	1.926E+02
20090410	1215	4.748E+02	1.899E+02
20090410	1315	6.541E+02	2.616E+02
20090410	1415	7.302E+02	2.921E+02
20090410	1515	6.410E+02	2.564E+02
20090410	1615	5.119E+02	2.048E+02
20090410	1715	3.654E+02	1.462E+02
20090410	1815	1.861E+02	7.444E+01
20090410	1915	4.480E+01	1.792E+01
20090410	2015	0.000E+00	0.000E+00
20090410	2115	0.000E+00	0.000E+00
20090410	2215	0.000E+00	0.000E+00
20090410	2315	0.000E+00	0.000E+00
20090411	0015	0.000E+00	0.000E+00
20090411	0115	0.000E+00	0.000E+00
20090411	0215	0.000E+00	0.000E+00
20090411	0315	0.000E+00	0.000E+00
20090411	0415	0.000E+00	0.000E+00
20090411	0515	0.000E+00	0.000E+00
20090411	0615	4.870E+01	1.948E+01
20090411	0715	2.065E+02	8.260E+01
20090411	0815	4.020E+02	1.608E+02
20090411	0915	5.312E+02	2.125E+02
20090411	1015	6.579E+02	2.632E+02
20090411	1115	7.223E+02	2.889E+02
20090411	1215	7.588E+02	3.035E+02
20090411	1315	7.720E+02	3.088E+02
20090411	1415	7.414E+02	2.966E+02
20090411	1515	6.291E+02	2.516E+02
20090411	1615	5.012E+02	2.005E+02
20090411	1715	3.410E+02	1.364E+02
20090411	1815	1.692E+02	6.768E+01
20090411	1915	4.350E+01	1.740E+01
20090411	2015	0.000E+00	0.000E+00
20090411	2115	0.000E+00	0.000E+00
20090411	2215	0.000E+00	0.000E+00
20090411	2315	0.000E+00	0.000E+00
20090412	0015	0.000E+00	0.000E+00
20090412	0115	0.000E+00	0.000E+00
20090412	0215	0.000E+00	0.000E+00
20090412	0315	0.000E+00	0.000E+00
20090412	0415	0.000E+00	0.000E+00
20090412	0515	0.000E+00	0.000E+00
20090412	0615	5.680E+01	2.272E+01
20090412	0715	2.089E+02	8.356E+01
20090412	0815	2.977E+02	1.191E+02
20090412	0915	4.746E+02	1.898E+02
20090412	1015	5.496E+02	2.198E+02
20090412	1115	6.598E+02	2.639E+02
20090412	1215	6.550E+02	2.620E+02
20090412	1315	7.225E+02	2.890E+02
20090412	1415	5.527E+02	2.211E+02
20090412	1515	4.510E+02	1.804E+02
20090412	1615	3.019E+02	1.208E+02
20090412	1715	1.944E+02	7.776E+01
20090412	1815	9.790E+01	3.916E+01
20090412	1915	2.090E+01	8.360E+00
20090412	2015	0.000E+00	0.000E+00
20090412	2115	0.000E+00	0.000E+00
20090412	2215	0.000E+00	0.000E+00
20090412	2315	0.000E+00	0.000E+00
20090413	0015	0.000E+00	0.000E+00
20090413	0115	0.000E+00	0.000E+00
20090413	0215	0.000E+00	0.000E+00
20090413	0315	0.000E+00	0.000E+00
20090413	0415	0.000E+00	0.000E+00
20090413	0515	0.000E+00	0.000E+00
20090413	0615	1.450E+01	5.800E+00
20090413	0715	5.250E+01	2.100E+01
20090413	0815	9.440E+01	3.776E+01
20090413	0915	1.571E+02	6.284E+01
20090413	1015	2.364E+02	9.456E+01
20090413	1115	3.614E+02	1.446E+02
20090413	1215	4.079E+02	1.632E+02
20090413	1315	4.390E+02	1.756E+02
20090413	1415	5.245E+02	2.098E+02
20090413	1515	4.495E+02	1.798E+02
20090413	1615	3.814E+02	1.526E+02
20090413	1715	2.133E+02	8.532E+01
20090413	1815	9.480E+01	3.792E+01
20090413	1915	2.740E+01	1.096E+01
20090413	2015	0.000E+00	0.000E+00
20090413	2115	0.000E+00	0.000E+00
20090413	2215	0.000E+00	0.000E+00
20090413	2315	0.000E+00	0.000E+00
20090414	0015	0.000E+00	0.000E+00
20090414	0115	0.000E+00	0.000E+00
20090414	0215	0.000E+00	0.000E+00
20090414	0315	0.000E+00	0.000E+00
20090414	0415	0.000E+00	0.000E+00
20090414	0515	0.000E+00	0.000E+00
20090414	0615	8.200E+00	3.280E+00
20090414	0715	2.790E+01	1.116E+01
20090414	0815	1.033E+02	4.132E+01
20090414	0915	1.748E+02	6.992E+01
20090414	1015	1.101E+02	4.404E+01
20090414	1115	1.066E+02	4.264E+01
20090414	1215	5.440E+01	2.176E+01
20090414	1315	7.790E+01	3.116E+01
20090414	1415	1.957E+02	7.828E+01
20090414	1515	3.014E+02	1.206E+02
20090414	1615	3.505E+02	1.402E+02
20090414	1715	1.784E+02	7.136E+01
20090414	1815	5.320E+01	2.128E+01
20090414	1915	8.400E+00	3.360E+00
20090414	2015	0.000E+00	0.000E+00
20090414	2115	0.000E+00	0.000E+00
20090414	2215	0.000E+00	0.000E+00
20090414	2315	0.000E+00	0.000E+00
20090415	0015	0.000E+00	0.000E+00
20090415	0115	0.000E+00	0.000E+00
20090415	0215	0.000E+00	0.000E+00
20090415	0315	0.000E+00	0.000E+00
20090415	0415	0.000E+00	0.000E+00
20090415	0515	0.000E+00	0.000E+00
20090415	0615	2.930E+01	1.172E+01
20090415	0715	1.022E+02	4.088E+01
20090415	0815	3.572E+02	1.429E+02
20090415	0915	2.699E+02	1.080E+02
20090415	1015	3.607E+02	1.443E+02
20090415	1115	5.458E+02	2.183E+02
20090415	1215	5.334E+02	2.134E+02
20090415	1315	5.154E+02	2.062E+02
20090415	1415	3.421E+02	1.368E+02
20090415	1515	3.329E+02	1.332E+02
20090415	1615	2.479E+02	9.916E+01
20090415	1715	1.608E+02	6.432E+01
20090415	1815	6.660E+01	2.664E+01
20090415	1915	2.040E+01	8.160E+00
20090415	2015	0.000E+00	0.000E+00
20090415	2115	0.000E+00	0.000E+00
20090415	2215	0.000E+00	0.000E+00
20090415	2315	0.000E+00	0.000E+00
20090416	0015	0.000E+00	0.000E+00
20090416	0115	0.000E+00	0.000E+00
20090416	0215	0.000E+00	0.000E+00
20090416	0315	0.000E+00	0.000E+00
20090416	0415	0.000E+00	0.000E+00
20090416	0515	0.000E+00	0.000E+00
20090416	0615	1.630E+01	6.520E+00
20090416	0715	7.680E+01	3.072E+01
20090416	0815	2.763E+02	1.105E+02
20090416	0915	3.699E+02	1.480E+02
20090416	1015	6.683E+02	2.673E+02
20090416	1115	7.749E+02	3.100E+02
20090416	1215	7.509E+02	3.004E+02
20090416	1315	6.788E+02	2.715E+02
20090416	1415	6.715E+02	2.686E+02
20090416	1515	5.610E+02	2.244E+02
20090416	1615	4.951E+02	1.980E+02
20090416	1715	3.230E+02	1.292E+02
20090416	1815	1.004E+02	4.016E+01
20090416	1915	4.040E+01	1.616E+01
20090416	2015	0.000E+00	0.000E+00
20090416	2115	0.000E+00	0.000E+00
20090416	2215	0.000E+00	0.000E+00
20090416	2315	0.000E+00	0.000E+00
20090417	0015	0.000E+00	0.000E+00
20090417	0115	0.000E+00	0.000E+00
20090417	0215	0.000E+00	0.000E+00
20090417	0315	0.000E+00	0.000E+00
20090417	0415	0.000E+00	0.000E+00
20090417	0515	0.000E+00	0.000E+00
20090417	0615	2.180E+01	8.720E+00
20090417	0715	7.300E+01	2.920E+01
20090417	0815	2.839E+02	1.136E+02
20090417	0915	5.616E+02	2.246E+02
20090417	1015	6.649E+02	2.660E+02
20090417	1115	6.984E+02	2.794E+02
20090417	1215	6.293E+02	2.517E+02
20090417	1315	8.601E+02	3.440E+02
20090417	1415	8.044E+02	3.218E+02
20090417	1515	6.799E+02	2.720E+02
20090417	1615	5.487E+02	2.195E+02
20090417	1715	4.072E+02	1.629E+02
20090417	1815	2.267E+02	9.068E+01
20090417	1915	7.830E+01	3.132E+01
20090417	2015	5.000E+00	2.000E+00
20090417	2115	0.000E+00	0.000E+00
20090417	2215	0.000E+00	0.000E+00
20090417	2315	0.000E+00	0.000E+00
20090418	0015	0.000E+00	0.000E+00
20090418	0115	0.000E+00	0.000E+00
20090418	0215	0.000E+00	0.000E+00
20090418	0315	0.000E+00	0.000E+00
20090418	0415	0.000E+00	0.000E+00
20090418	0515	8.300E+00	3.320E+00
20090418	0615	9.380E+01	3.752E+01
20090418	0715	2.285E+02	9.140E+01
20090418	0815	3.923E+02	1.569E+02
20090418	0915	5.157E+02	2.063E+02
20090418	1015	7.123E+02	2.849E+02
20090418	1115	7.213E+02	2.885E+02
20090418	1215	8.833E+02	3.533E+02
20090418	1315	6.564E+02	2.626E+02
20090418	1415	6.395E+02	2.558E+02
20090418	1515	4.559E+02	1.824E+02
20090418	1615	3.341E+02	1.336E+02
20090418	1715	2.990E+02	1.196E+02
20090418	1815	2.233E+02	8.932E+01
20090418	1915	8.290E+01	3.316E+01
20090418	2015	5.000E+00	2.000E+00
20090418	2115	0.000E+00	0.000E+00
20090418	2215	0.000E+00	0.000E+00
20090418	2315	0.000E+00	0.000E+00
20090419	0015	0.000E+00	0.000E+00
20090419	0115	0.000E+00	0.000E+00
20090419	0215	0.000E+00	0.000E+00
20090419	0315	0.000E+00	0.000E+00
20090419	0415	0.000E+00	0.000E+00
20090419	0515	8.200E+00	3.280E+00
20090419	0615	1.093E+02	4.372E+01
20090419	0715	2.424E+02	9.696E+01
20090419	0815	4.206E+02	1.682E+02
20090419	0915	5.682E+02	2.273E+02
20090419	1015	6.917E+02	2.767E+02
20090419	1115	7.782E+02	3.113E+02
20090419	1215	7.430E+02	2.972E+02
20090419	1315	7.853E+02	3.141E+02
20090419	1415	7.727E+02	3.091E+02
20090419	1515	6.443E+02	2.577E+02
20090419	1615	5.012E+02	2.005E+02
20090419	1715	3.295E+02	1.318E+02
20090419	1815	1.787E+02	7.148E+01
20090419	1915	5.630E+01	2.252E+01
20090419	2015	4.900E+00	1.960E+00
20090419	2115	0.000E+00	0.000E+00
20090419	2215	0.000E+00	0.000E+00
20090419	2315	0.000E+00	0.000E+00
20090420	0015	0.000E+00	0.000E+00
20090420	0115	0.000E+00	0.000E+00
20090420	0215	0.000E+00	0.000E+00
20090420	0315	0.000E+00	0.000E+00
20090420	0415	0.000E+00	0.000E+00
20090420	0515	1.120E+01	4.480E+00
20090420	0615	9.640E+01	3.856E+01
20090420	0715	2.649E+02	1.060E+02
20090020	0815	0.000E+00	0.000E+00
20090008	0915	0.000E+00	0.000E+00
20090008	1015	0.000E+00	0.000E+00
20090008	1115	0.000E+00	0.000E+00
20090008	1215	0.000E+00	0.000E+00
20090008	1315	0.000E+00	0.000E+00
20090008	1415	0.000E+00	0.000E+00
20090008	1515	0.000E+00	0.000E+00
20090008	1615	0.000E+00	0.000E+00
20090008	1715	0.000E+00	0.000E+00
20090008	1815	0.000E+00	0.000E+00
20090008	1915	0.000E+00	0.000E+00
20090008	2015	0.000E+00	0.000E+00
20090008	2115	0.000E+00	0.000E+00
20090008	2215	0.000E+00	0.000E+00
20090420	2315	0.000E+00	0.000E+00
20090420	0015	0.000E+00	0.000E+00
20090420	0115	0.000E+00	0.000E+00
20090420	0215	0.000E+00	0.000E+00
20090420	0315	0.000E+00	0.000E+00
20090420	0415	0.000E+00	0.000E+00
20090420	0515	1.060E+01	4.240E+00
20090420	0615	8.540E+01	3.416E+01
20090420	0715	2.563E+02	1.025E+02
20090420	0815	4.499E+02	1.800E+02
20090420	0915	5.642E+02	2.257E+02
20090420	1015	6.169E+02	2.468E+02
20090420	1115	7.811E+02	3.124E+02
20090420	1215	7.808E+02	3.123E+02
20090420	1315	4.776E+02	1.910E+02
20090420	1415	4.630E+02	1.852E+02
20090420	1515	3.889E+02	1.556E+02
20090420	1615	4.173E+02	1.669E+02
20090420	1715	1.063E+02	4.252E+01
20090420	1815	1.426E+02	5.704E+01
20090420	1915	5.990E+01	2.396E+01
20090420	2015	6.700E+00	2.680E+00
20090420	2115	0.000E+00	0.000E+00
20090420	2215	0.000E+00	0.000E+00
20090420	2315	0.000E+00	0.000E+00
20090421	0015	0.000E+00	0.000E+00
20090421	0115	0.000E+00	0.000E+00
20090421	0215	0.000E+00	0.000E+00
20090421	0315	0.000E+00	0.000E+00
20090421	0415	0.000E+00	0.000E+00
20090421	0515	7.500E+00	3.000E+00
20090421	0615	5.960E+01	2.384E+01
20090421	0715	1.615E+02	6.460E+01
20090421	0815	4.367E+02	1.747E+02
20090421	0915	4.704E+02	1.882E+02
20090421	1015	6.760E+02	2.704E+02
20090421	1115	7.143E+02	2.857E+02
20090421	1215	7.566E+02	3.026E+02
20090421	1315	8.659E+02	3.464E+02
20090421	1415	7.410E+02	2.964E+02
20090421	1515	5.298E+02	2.119E+02
20090421	1615	5.767E+02	2.307E+02
20090421	1715	3.838E+02	1.535E+02
20090421	1815	2.402E+02	9.608E+01
20090421	1915	8.120E+01	3.248E+01
20090421	2015	8.300E+00	3.320E+00
20090421	2115	0.000E+00	0.000E+00
20090421	2215	0.000E+00	0.000E+00
20090421	2315	0.000E+00	0.000E+00
20090422	0015	0.000E+00	0.000E+00
20090422	0115	0.000E+00	0.000E+00
20090422	0215	0.000E+00	0.000E+00
20090422	0315	0.000E+00	0.000E+00
20090422	0415	0.000E+00	0.000E+00
20090422	0515	1.270E+01	5.080E+00
20090422	0615	9.930E+01	3.972E+01
20090422	0715	2.837E+02	1.135E+02
20090422	0815	4.768E+02	1.907E+02
20090422	0915	5.974E+02	2.390E+02
20090422	1015	7.303E+02	2.921E+02
20090422	1115	7.844E+02	3.138E+02
20090422	1215	8.314E+02	3.326E+02
20090422	1315	8.471E+02	3.388E+02
20090422	1415	8.199E+02	3.280E+02
20090422	1515	6.836E+02	2.734E+02
20090422	1615	5.727E+02	2.291E+02
20090422	1715	4.338E+02	1.735E+02
20090422	1815	2.651E+02	1.060E+02
20090422	1915	9.660E+01	3.864E+01
20090422	2015	9.700E+00	3.880E+00
20090422	2115	0.000E+00	0.000E+00
20090422	2215	0.000E+00	0.000E+00
20090422	2315	0.000E+00	0.000E+00
20090423	0015	0.000E+00	0.000E+00
20090423	0115	0.000E+00	0.000E+00
20090423	0215	0.000E+00	0.000E+00
20090423	0315	0.000E+00	0.000E+00
20090423	0415	0.000E+00	0.000E+00
20090423	0515	1.810E+01	7.240E+00
20090423	0615	1.167E+02	4.668E+01
20090423	0715	2.900E+02	1.160E+02
20090423	0815	4.645E+02	1.858E+02
20090423	0915	5.838E+02	2.335E+02
20090423	1015	7.151E+02	2.860E+02
20090423	1115	7.712E+02	3.085E+02
20090423	1215	8.195E+02	3.278E+02
20090423	1315	8.402E+02	3.361E+02
20090423	1415	7.958E+02	3.183E+02
20090423	1515	6.683E+02	2.673E+02
20090423	1615	5.693E+02	2.277E+02
20090423	1715	4.268E+02	1.707E+02
20090423	1815	2.626E+02	1.050E+02
20090423	1915	1.061E+02	4.244E+01
20090423	2015	1.140E+01	4.560E+00
20090423	2115	0.000E+00	0.000E+00
20090423	2215	0.000E+00	0.000E+00
20090423	2315	0.000E+00	0.000E+00
20090424	0015	0.000E+00	0.000E+00
20090424	0115	0.000E+00	0.000E+00
20090424	0215	0.000E+00	0.000E+00
20090424	0315	0.000E+00	0.000E+00
20090424	0415	0.000E+00	0.000E+00
20090424	0515	1.830E+01	7.320E+00
20090424	0615	1.103E+02	4.412E+01
20090424	0715	2.819E+02	1.128E+02
20090424	0815	4.731E+02	1.892E+02
20090424	0915	5.935E+02	2.374E+02
20090424	1015	7.216E+02	2.886E+02
20090424	1115	7.741E+02	3.096E+02
20090424	1215	8.172E+02	3.269E+02
20090424	1315	8.391E+02	3.356E+02
20090424	1415	8.058E+02	3.223E+02
20090424	1515	6.874E+02	2.750E+02
20090424	1615	5.331E+02	2.132E+02
20090424	1715	4.116E+02	1.646E+02
20090424	1815	2.512E+02	1.005E+02
20090424	1915	8.950E+01	3.580E+01
20090424	2015	8.900E+00	3.560E+00
20090424	2115	0.000E+00	0.000E+00
20090424	2215	0.000E+00	0.000E+00
20090424	2315	0.000E+00	0.000E+00
20090425	0015	0.000E+00	0.000E+00
20090425	0115	0.000E+00	0.000E+00
20090425	0215	0.000E+00	0.000E+00
20090425	0315	0.000E+00	0.000E+00
20090425	0415	0.000E+00	0.000E+00
20090425	0515	1.550E+01	6.200E+00
20090425	0615	7.330E+01	2.932E+01
20090425	0715	1.366E+02	5.464E+01
20090425	0815	3.856E+02	1.542E+02
20090425	0915	3.027E+02	1.211E+02
20090425	1015	2.581E+02	1.032E+02
20090425	1115	3.828E+02	1.531E+02
20090425	1215	1.929E+02	7.716E+01
20090425	1315	3.261E+02	1.304E+02
20090425	1415	3.835E+02	1.534E+02
20090425	1515	5.844E+02	2.338E+02
20090425	1615	4.605E+02	1.842E+02
20090425	1715	2.964E+02	1.186E+02
20090425	1815	1.660E+02	6.640E+01
20090425	1915	5.370E+01	2.148E+01
20090425	2015	7.100E+00	2.840E+00
20090425	2115	0.000E+00	0.000E+00
20090425	2215	0.000E+00	0.000E+00
20090425	2315	0.000E+00	0.000E+00
20090426	0015	0.000E+00	0.000E+00
20090426	0115	0.000E+00	0.000E+00
20090426	0215	0.000E+00	0.000E+00
20090426	0315	0.000E+00	0.000E+00
20090426	0415	0.000E+00	0.000E+00
20090426	0515	2.000E+01	8.000E+00
20090426	0615	8.370E+01	3.348E+01
20090426	0715	1.747E+02	6.988E+01
20090426	0815	3.180E+02	1.272E+02
20090426	0915	5.332E+02	2.133E+02
20090426	1015	4.832E+02	1.933E+02
20090426	1115	4.621E+02	1.848E+02
20090426	1215	4.500E+02	1.800E+02
20090426	1315	4.437E+02	1.775E+02
20090426	1415	7.438E+02	2.975E+02
20090426	1515	5.086E+02	2.034E+02
20090426	1615	1.980E+02	7.920E+01
20090426	1715	1.644E+02	6.576E+01
20090426	1815	1.805E+02	7.220E+01
20090426	1915	7.730E+01	3.092E+01
20090426	2015	4.900E+00	1.960E+00
20090426	2115	0.000E+00	0.000E+00
20090426	2215	0.000E+00	0.000E+00
20090426	2315	0.000E+00	0.000E+00
20090427	0015	0.000E+00	0.000E+00
20090427	0115	0.000E+00	0.000E+00
20090427	0215	0.000E+00	0.000E+00
20090427	0315	0.000E+00	0.000E+00
20090427	0415	0.000E+00	0.000E+00
20090427	0515	0.000E+00	0.000E+00
20090427	0615	1.810E+01	7.240E+00
20090427	0715	4.930E+01	1.972E+01
20090427	0815	1.092E+02	4.368E+01
20090427	0915	1.215E+02	4.860E+01
20090427	1015	2.351E+02	9.404E+01
20090427	1115	2.076E+02	8.304E+01
20090427	1215	4.254E+02	1.702E+02
20090427	1315	5.090E+02	2.036E+02
20090427	1415	7.325E+02	2.930E+02
20090427	1515	6.924E+02	2.770E+02
20090427	1615	4.967E+02	1.987E+02
20090427	1715	3.562E+02	1.425E+02
20090427	1815	2.630E+02	1.052E+02
20090427	1915	1.008E+02	4.032E+01
20090427	2015	1.290E+01	5.160E+00
20090427	2115	0.000E+00	0.000E+00
20090427	2215	0.000E+00	0.000E+00
20090427	2315	0.000E+00	0.000E+00
20090428	0015	0.000E+00	0.000E+00
20090428	0115	0.000E+00	0.000E+00
20090428	0215	0.000E+00	0.000E+00
20090428	0315	0.000E+00	0.000E+00
20090428	0415	0.000E+00	0.000E+00
20090428	0515	1.710E+01	6.840E+00
20090428	0615	9.570E+01	3.828E+01
20090428	0715	2.607E+02	1.043E+02
20090428	0815	2.675E+02	1.070E+02
20090428	0915	4.787E+02	1.915E+02
20090428	1015	4.421E+02	1.768E+02
20090428	1115	1.603E+02	6.412E+01
20090428	1215	6.659E+02	2.664E+02
20090428	1315	5.466E+02	2.186E+02
20090428	1415	7.976E+02	3.190E+02
20090428	1515	6.935E+02	2.774E+02
20090428	1615	5.773E+02	2.309E+02
20090428	1715	4.303E+02	1.721E+02
20090428	1815	2.371E+02	9.484E+01
20090428	1915	8.790E+01	3.516E+01
20090428	2015	1.500E+01	6.000E+00
20090428	2115	0.000E+00	0.000E+00
20090428	2215	0.000E+00	0.000E+00
20090428	2315	0.000E+00	0.000E+00
20090429	0015	0.000E+00	0.000E+00
20090429	0115	0.000E+00	0.000E+00
20090429	0215	0.000E+00	0.000E+00
20090429	0315	0.000E+00	0.000E+00
20090429	0415	0.000E+00	0.000E+00
20090429	0515	2.330E+01	9.320E+00
20090429	0615	1.092E+02	4.368E+01
20090429	0715	2.805E+02	1.122E+02
20090429	0815	4.838E+02	1.935E+02
20090429	0915	6.148E+02	2.459E+02
20090429	1015	7.449E+02	2.980E+02
20090429	1115	7.977E+02	3.191E+02
20090429	1215	8.333E+02	3.333E+02
20090429	1315	8.634E+02	3.454E+02
20090429	1415	8.316E+02	3.326E+02
20090429	1515	7.006E+02	2.802E+02
20090429	1615	5.729E+02	2.292E+02
20090429	1715	4.306E+02	1.722E+02
20090429	1815	2.614E+02	1.046E+02
20090429	1915	1.029E+02	4.116E+01
20090429	2015	1.840E+01	7.360E+00
20090429	2115	0.000E+00	0.000E+00
20090429	2215	0.000E+00	0.000E+00
20090429	2315	0.000E+00	0.000E+00
20090430	0015	0.000E+00	0.000E+00
20090430	0115	0.000E+00	0.000E+00
20090430	0215	0.000E+00	0.000E+00
20090430	0315	0.000E+00	0.000E+00
20090430	0415	0.000E+00	0.000E+00
20090430	0515	3.360E+01	1.344E+01
20090430	0615	1.452E+02	5.808E+01
20090430	0715	3.348E+02	1.339E+02
20090430	0815	5.168E+02	2.067E+02
20090430	0915	6.350E+02	2.540E+02
20090430	1015	7.625E+02	3.050E+02
20090430	1115	8.127E+02	3.251E+02
20090430	1215	7.977E+02	3.191E+02
20090430	1315	8.609E+02	3.444E+02
20090430	1415	8.495E+02	3.398E+02
20090430	1515	7.204E+02	2.882E+02
20090430	1615	5.956E+02	2.382E+02
20090430	1715	4.512E+02	1.805E+02
20090430	1815	2.860E+02	1.144E+02
20090430	1915	1.181E+02	4.724E+01
20090430	2015	2.140E+01	8.560E+00
20090430	2115	0.000E+00	0.000E+00
20090430	2215	0.000E+00	0.000E+00
20090430	2315	0.000E+00	0.000E+00
20090501	0015	0.000E+00	0.000E+00
20090501	0115	0.000E+00	0.000E+00
20090501	0215	0.000E+00	0.000E+00
20090501	0315	0.000E+00	0.000E+00
20090501	0415	0.000E+00	0.000E+00
20090501	0515	4.170E+01	1.668E+01
20090501	0615	1.461E+02	5.844E+01
20090501	0715	3.105E+02	1.242E+02
20090501	0815	4.642E+02	1.857E+02
20090501	0915	5.845E+02	2.338E+02
20090501	1015	6.508E+02	2.603E+02
20090501	1115	6.106E+02	2.442E+02
20090501	1215	5.853E+02	2.341E+02
20090501	1315	5.286E+02	2.114E+02
20090501	1415	6.004E+02	2.402E+02
20090501	1515	3.715E+02	1.486E+02
20090501	1615	2.061E+02	8.244E+01
20090501	1715	1.943E+02	7.772E+01
20090501	1815	2.244E+02	8.976E+01
20090501	1915	1.148E+02	4.592E+01
20090501	2015	1.950E+01	7.800E+00
20090501	2115	0.000E+00	0.000E+00
20090501	2215	0.000E+00	0.000E+00
20090501	2315	0.000E+00	0.000E+00
20090502	0015	0.000E+00	0.000E+00
20090502	0115	0.000E+00	0.000E+00
20090502	0215	0.000E+00	0.000E+00
20090502	0315	0.000E+00	0.000E+00
20090502	0415	0.000E+00	0.000E+00
20090502	0515	3.110E+01	1.244E+01
20090502	0615	7.220E+01	2.888E+01
20090502	0715	1.501E+02	6.004E+01
20090502	0815	2.674E+02	1.070E+02
20090502	0915	5.873E+02	2.349E+02
20090502	1015	5.834E+02	2.334E+02
20090502	1115	5.724E+02	2.290E+02
20090502	1215	5.723E+02	2.289E+02
20090502	1315	5.488E+02	2.195E+02
20090502	1415	6.212E+02	2.485E+02
20090502	1515	4.548E+02	1.819E+02
20090502	1615	3.074E+02	1.230E+02
20090502	1715	2.149E+02	8.596E+01
20090502	1815	1.978E+02	7.912E+01
20090502	1915	1.013E+02	4.052E+01
20090502	2015	3.090E+01	1.236E+01
20090502	2115	0.000E+00	0.000E+00
20090502	2215	0.000E+00	0.000E+00
20090502	2315	0.000E+00	0.000E+00
20090503	0015	0.000E+00	0.000E+00
20090503	0115	0.000E+00	0.000E+00
20090503	0215	0.000E+00	0.000E+00
20090503	0315	0.000E+00	0.000E+00
20090503	0415	0.000E+00	0.000E+00
20090503	0515	2.810E+01	1.124E+01
20090503	0615	1.003E+02	4.012E+01
20090503	0715	2.462E+02	9.848E+01
20090503	0815	5.515E+02	2.206E+02
20090503	0915	6.606E+02	2.642E+02
20090503	1015	7.942E+02	3.177E+02
20090503	1115	8.414E+02	3.366E+02
20090503	1215	8.792E+02	3.517E+02
20090503	1315	9.148E+02	3.659E+02
20090503	1415	8.795E+02	3.518E+02
20090503	1515	7.467E+02	2.987E+02
20090503	1615	6.285E+02	2.514E+02
20090503	1715	4.938E+02	1.975E+02
20090503	1815	3.181E+02	1.272E+02
20090503	1915	1.098E+02	4.392E+01
20090503	2015	1.820E+01	7.280E+00
20090503	2115	0.000E+00	0.000E+00
20090503	2215	0.000E+00	0.000E+00
20090503	2315	0.000E+00	0.000E+00
20090504	0015	0.000E+00	0.000E+00
20090504	0115	0.000E+00	0.000E+00
20090504	0215	0.000E+00	0.000E+00
20090504	0315	0.000E+00	0.000E+00
20090504	0415	0.000E+00	0.000E+00
20090504	0515	1.010E+01	4.040E+00
20090504	0615	4.000E+01	1.600E+01
20090504	0715	9.850E+01	3.940E+01
20090504	0815	1.767E+02	7.068E+01
20090504	0915	3.520E+02	1.408E+02
20090504	1015	5.820E+02	2.328E+02
20090504	1115	7.049E+02	2.820E+02
20090504	1215	8.762E+02	3.505E+02
20090504	1315	9.252E+02	3.701E+02
20090504	1415	8.846E+02	3.538E+02
20090504	1515	7.543E+02	3.017E+02
20090504	1615	6.303E+02	2.521E+02
20090504	1715	4.865E+02	1.946E+02
20090504	1815	2.976E+02	1.190E+02
20090504	1915	1.487E+02	5.948E+01
20090504	2015	3.540E+01	1.416E+01
20090504	2115	0.000E+00	0.000E+00
20090504	2215	0.000E+00	0.000E+00
20090504	2315	0.000E+00	0.000E+00
20090505	0015	0.000E+00	0.000E+00
20090505	0115	0.000E+00	0.000E+00
20090505	0215	0.000E+00	0.000E+00
20090505	0315	0.000E+00	0.000E+00
20090505	0415	0.000E+00	0.000E+00
20090505	0515	2.050E+01	8.200E+00
20090505	0615	8.150E+01	3.260E+01
20090505	0715	1.718E+02	6.872E+01
20090505	0815	3.816E+02	1.526E+02
20090505	0915	5.641E+02	2.256E+02
20090505	1015	7.667E+02	3.067E+02
20090505	1115	8.351E+02	3.340E+02
20090505	1215	8.859E+02	3.544E+02
20090505	1315	9.243E+02	3.697E+02
20090505	1415	8.225E+02	3.290E+02
20090505	1515	7.469E+02	2.988E+02
20090505	1615	6.446E+02	2.578E+02
20090505	1715	4.990E+02	1.996E+02
20090505	1815	2.741E+02	1.096E+02
20090505	1915	1.581E+02	6.324E+01
20090505	2015	4.180E+01	1.672E+01
20090505	2115	0.000E+00	0.000E+00
20090505	2215	0.000E+00	0.000E+00
20090505	2315	0.000E+00	0.000E+00
20090506	0015	0.000E+00	0.000E+00
20090506	0115	0.000E+00	0.000E+00
20090506	0215	0.000E+00	0.000E+00
20090506	0315	0.000E+00	0.000E+00
20090506	0415	0.000E+00	0.000E+00
20090506	0515	1.170E+01	4.680E+00
20090506	0615	5.080E+01	2.032E+01
20090506	0715	7.450E+01	2.980E+01
20090506	0815	1.156E+02	4.624E+01
20090506	0915	1.021E+02	4.084E+01
20090506	1015	1.074E+02	4.296E+01
20090506	1115	2.301E+02	9.204E+01
20090506	1215	4.275E+02	1.710E+02
20090506	1315	7.734E+02	3.094E+02
20090506	1415	7.943E+02	3.177E+02
20090506	1515	7.486E+02	2.994E+02
20090506	1615	6.051E+02	2.420E+02
20090506	1715	4.982E+02	1.993E+02
20090506	1815	3.290E+02	1.316E+02
20090506	1915	1.509E+02	6.036E+01
20090506	2015	3.820E+01	1.528E+01
20090506	2115	0.000E+00	0.000E+00
20090506	2215	0.000E+00	0.000E+00
20090506	2315	0.000E+00	0.000E+00
20090507	0015	0.000E+00	0.000E+00
20090507	0115	0.000E+00	0.000E+00
20090507	0215	0.000E+00	0.000E+00
20090507	0315	0.000E+00	0.000E+00
20090507	0415	0.000E+00	0.000E+00
20090507	0515	4.150E+01	1.660E+01
20090507	0615	1.611E+02	6.444E+01
20090507	0715	1.996E+02	7.984E+01
20090507	0815	8.600E+01	3.440E+01
20090507	0915	9.620E+01	3.848E+01
20090507	1015	1.125E+02	4.500E+01
20090507	1115	7.800E+01	3.120E+01
20090507	1215	1.041E+02	4.164E+01
20090507	1315	1.252E+02	5.008E+01
20090507	1415	1.640E+02	6.560E+01
20090507	1515	2.304E+02	9.216E+01
20090507	1615	3.653E+02	1.461E+02
20090507	1715	2.388E+02	9.552E+01
20090507	1815	1.343E+02	5.372E+01
20090507	1915	1.209E+02	4.836E+01
20090507	2015	3.860E+01	1.544E+01
20090507	2115	0.000E+00	0.000E+00
20090507	2215	0.000E+00	0.000E+00
20090507	2315	0.000E+00	0.000E+00
20090508	0015	0.000E+00	0.000E+00
20090508	0115	0.000E+00	0.000E+00
20090508	0215	0.000E+00	0.000E+00
20090508	0315	0.000E+00	0.000E+00
20090508	0415	0.000E+00	0.000E+00
20090508	0515	1.360E+01	5.440E+00
20090508	0615	7.470E+01	2.988E+01
20090508	0715	2.723E+02	1.089E+02
20090508	0815	4.994E+02	1.998E+02
20090508	0915	6.656E+02	2.662E+02
20090508	1015	6.944E+02	2.778E+02
20090508	1115	7.731E+02	3.092E+02
20090508	1215	6.520E+02	2.608E+02
20090508	1315	7.892E+02	3.157E+02
20090508	1415	7.903E+02	3.161E+02
20090508	1515	7.190E+02	2.876E+02
20090508	1615	5.906E+02	2.362E+02
20090508	1715	4.804E+02	1.922E+02
20090508	1815	3.195E+02	1.278E+02
20090508	1915	1.592E+02	6.368E+01
20090508	2015	4.240E+01	1.696E+01
20090508	2115	0.000E+00	0.000E+00
20090508	2215	0.000E+00	0.000E+00
20090508	2315	0.000E+00	0.000E+00
20090509	0015	0.000E+00	0.000E+00
20090509	0115	0.000E+00	0.000E+00
20090509	0215	0.000E+00	0.000E+00
20090509	0315	0.000E+00	0.000E+00
20090509	0415	0.000E+00	0.000E+00
20090509	0515	2.880E+01	1.152E+01
20090509	0615	5.120E+01	2.048E+01
20090509	0715	1.472E+02	5.888E+01
20090509	0815	2.368E+02	9.472E+01
20090509	0915	2.234E+02	8.936E+01
20090509	1015	4.368E+02	1.747E+02
20090509	1115	6.728E+02	2.691E+02
20090509	1215	8.025E+02	3.210E+02
20090509	1315	9.303E+02	3.721E+02
20090509	1415	8.464E+02	3.386E+02
20090509	1515	7.199E+02	2.880E+02
20090509	1615	3.508E+02	1.403E+02
20090509	1715	4.157E+02	1.663E+02
20090509	1815	1.772E+02	7.088E+01
20090509	1915	1.137E+02	4.548E+01
20090509	2015	1.270E+01	5.080E+00
20090509	2115	0.000E+00	0.000E+00
20090509	2215	0.000E+00	0.000E+00
20090509	2315	0.000E+00	0.000E+00
20090510	0015	0.000E+00	0.000E+00
20090510	0115	0.000E+00	0.000E+00
20090510	0215	0.000E+00	0.000E+00
20090510	0315	0.000E+00	0.000E+00
20090510	0415	0.000E+00	0.000E+00
20090510	0515	2.510E+01	1.004E+01
20090510	0615	7.980E+01	3.192E+01
20090510	0715	2.295E+02	9.180E+01
20090510	0815	3.246E+02	1.298E+02
20090510	0915	6.428E+02	2.571E+02
20090510	1015	7.363E+02	2.945E+02
20090510	1115	7.689E+02	3.076E+02
20090510	1215	8.448E+02	3.379E+02
20090510	1315	8.954E+02	3.582E+02
20090510	1415	8.122E+02	3.249E+02
20090510	1515	6.969E+02	2.788E+02
20090510	1615	5.458E+02	2.183E+02
20090510	1715	4.019E+02	1.608E+02
20090510	1815	3.784E+02	1.514E+02
20090510	1915	1.778E+02	7.112E+01
20090510	2015	5.180E+01	2.072E+01
20090510	2115	0.000E+00	0.000E+00
20090510	2215	0.000E+00	0.000E+00
20090510	2315	0.000E+00	0.000E+00
20090511	0015	0.000E+00	0.000E+00
20090511	0115	0.000E+00	0.000E+00
20090511	0215	0.000E+00	0.000E+00
20090511	0315	0.000E+00	0.000E+00
20090511	0415	7.200E+00	2.880E+00
20090511	0515	6.570E+01	2.628E+01
20090511	0615	2.156E+02	8.624E+01
20090511	0715	4.124E+02	1.650E+02
20090511	0815	5.941E+02	2.376E+02
20090511	0915	7.024E+02	2.810E+02
20090511	1015	8.283E+02	3.313E+02
20090511	1115	8.727E+02	3.491E+02
20090511	1215	7.100E+02	2.840E+02
20090511	1315	7.469E+02	2.988E+02
20090511	1415	5.379E+02	2.152E+02
20090511	1515	3.856E+02	1.542E+02
20090511	1615	6.670E+02	2.668E+02
20090511	1715	5.483E+02	2.193E+02
20090511	1815	3.651E+02	1.460E+02
20090511	1915	1.838E+02	7.352E+01
20090511	2015	5.260E+01	2.104E+01
20090511	2115	0.000E+00	0.000E+00
20090511	2215	0.000E+00	0.000E+00
20090511	2315	0.000E+00	0.000E+00
20090512	0015	0.000E+00	0.000E+00
20090512	0115	0.000E+00	0.000E+00
20090512	0215	0.000E+00	0.000E+00
20090512	0315	0.000E+00	0.000E+00
20090512	0415	0.000E+00	0.000E+00
20090512	0515	3.120E+01	1.248E+01
20090512	0615	1.181E+02	4.724E+01
20090512	0715	3.666E+02	1.466E+02
20090512	0815	6.003E+02	2.401E+02
20090512	0915	7.060E+02	2.824E+02
20090512	1015	8.120E+02	3.248E+02
20090512	1115	6.782E+02	2.713E+02
20090512	1215	5.440E+02	2.176E+02
20090512	1315	2.855E+02	1.142E+02
20090512	1415	4.267E+02	1.707E+02
20090512	1515	3.141E+02	1.256E+02
20090512	1615	2.726E+02	1.090E+02
20090512	1715	2.741E+02	1.096E+02
20090512	1815	1.324E+02	5.296E+01
20090512	1915	1.062E+02	4.248E+01
20090512	2015	4.190E+01	1.676E+01
20090512	2115	0.000E+00	0.000E+00
20090512	2215	0.000E+00	0.000E+00
20090512	2315	0.000E+00	0.000E+00
20090513	0015	0.000E+00	0.000E+00
20090513	0115	0.000E+00	0.000E+00
20090513	0215	0.000E+00	0.000E+00
20090513	0315	0.000E+00	0.000E+00
20090513	0415	0.000E+00	0.000E+00
20090513	0515	1.180E+01	4.720E+00
20090513	0615	4.970E+01	1.988E+01
20090513	0715	1.011E+02	4.044E+01
20090513	0815	1.764E+02	7.056E+01
20090513	0915	3.207E+02	1.283E+02
20090513	1015	2.608E+02	1.043E+02
20090513	1115	5.175E+02	2.070E+02
20090513	1215	9.399E+02	3.760E+02
20090513	1315	3.623E+02	1.449E+02
20090513	1415	6.006E+02	2.402E+02
20090513	1515	5.775E+02	2.310E+02
20090513	1615	2.282E+02	9.128E+01
20090513	1715	3.247E+02	1.299E+02
20090513	1815	1.534E+02	6.136E+01
20090513	1915	1.622E+02	6.488E+01
20090513	2015	6.750E+01	2.700E+01
20090513	2115	4.900E+00	1.960E+00
20090513	2215	0.000E+00	0.000E+00
20090513	2315	0.000E+00	0.000E+00
20090514	0015	0.000E+00	0.000E+00
20090514	0115	0.000E+00	0.000E+00
20090514	0215	0.000E+00	0.000E+00
20090514	0315	0.000E+00	0.000E+00
20090514	0415	1.200E+01	4.800E+00
20090514	0515	8.080E+01	3.232E+01
20090514	0615	2.278E+02	9.112E+01
20090514	0715	4.259E+02	1.704E+02
20090514	0815	5.995E+02	2.398E+02
20090514	0915	7.072E+02	2.829E+02
20090514	1015	8.377E+02	3.351E+02
20090514	1115	8.746E+02	3.498E+02
20090514	1215	9.062E+02	3.625E+02
20090514	1315	9.478E+02	3.791E+02
20090514	1415	9.184E+02	3.674E+02
20090514	1515	7.944E+02	3.178E+02
20090514	1615	6.806E+02	2.722E+02
20090514	1715	5.464E+02	2.186E+02
20090514	1815	3.654E+02	1.462E+02
20090514	1915	1.929E+02	7.716E+01
20090514	2015	6.710E+01	2.684E+01
20090514	2115	5.500E+00	2.200E+00
20090514	2215	0.000E+00	0.000E+00
20090514	2315	0.000E+00	0.000E+00
20090515	0015	0.000E+00	0.000E+00
20090515	0115	0.000E+00	0.000E+00
20090515	0215	0.000E+00	0.000E+00
20090515	0315	0.000E+00	0.000E+00
20090515	0415	1.420E+01	5.680E+00
20090515	0515	9.520E+01	3.808E+01
20090515	0615	2.394E+02	9.576E+01
20090515	0715	4.407E+02	1.763E+02
20090515	0815	6.121E+02	2.448E+02
20090515	0915	7.185E+02	2.874E+02
20090515	1015	8.517E+02	3.407E+02
20090515	1115	8.891E+02	3.556E+02
20090515	1215	9.213E+02	3.685E+02
20090515	1315	9.564E+02	3.826E+02
20090515	1415	9.429E+02	3.772E+02
20090515	1515	7.669E+02	3.068E+02
20090515	1615	5.867E+02	2.347E+02
20090515	1715	5.478E+02	2.191E+02
20090515	1815	3.018E+02	1.207E+02
20090515	1915	2.001E+02	8.004E+01
20090515	2015	6.670E+01	2.668E+01
20090515	2115	6.000E+00	2.400E+00
20090515	2215	0.000E+00	0.000E+00
20090515	2315	0.000E+00	0.000E+00
20090516	0015	0.000E+00	0.000E+00
20090516	0115	0.000E+00	0.000E+00
20090516	0215	0.000E+00	0.000E+00
20090516	0315	0.000E+00	0.000E+00
20090516	0415	1.120E+01	4.480E+00
20090516	0515	8.690E+01	3.476E+01
20090516	0615	2.114E+02	8.456E+01
20090516	0715	4.298E+02	1.719E+02
20090516	0815	5.995E+02	2.398E+02
20090516	0915	7.124E+02	2.850E+02
20090516	1015	5.803E+02	2.321E+02
20090516	1115	6.648E+02	2.659E+02
20090516	1215	5.702E+02	2.281E+02
20090516	1315	8.542E+02	3.417E+02
20090516	1415	7.003E+02	2.801E+02
20090516	1515	7.076E+02	2.830E+02
20090516	1615	6.254E+02	2.502E+02
20090516	1715	3.330E+02	1.332E+02
20090516	1815	1.687E+02	6.748E+01
20090516	1915	7.000E+01	2.800E+01
20090516	2015	1.960E+01	7.840E+00
20090516	2115	0.000E+00	0.000E+00
20090516	2215	0.000E+00	0.000E+00
20090516	2315	0.000E+00	0.000E+00
20090517	0015	0.000E+00	0.000E+00
20090517	0115	0.000E+00	0.000E+00
20090517	0215	0.000E+00	0.000E+00
20090517	0315	0.000E+00	0.000E+00
20090517	0415	0.000E+00	0.000E+00
20090517	0515	1.300E+01	5.200E+00
20090517	0615	2.040E+01	8.160E+00
20090517	0715	5.840E+01	2.336E+01
20090517	0815	1.513E+02	6.052E+01
20090517	0915	1.859E+02	7.436E+01
20090517	1015	1.647E+02	6.588E+01
20090517	1115	2.826E+02	1.130E+02
20090517	1215	2.479E+02	9.916E+01
20090517	1315	3.421E+02	1.368E+02
20090517	1415	5.073E+02	2.029E+02
20090517	1515	4.020E+02	1.608E+02
20090517	1615	6.866E+02	2.746E+02
20090517	1715	1.169E+02	4.676E+01
20090517	1815	8.090E+01	3.236E+01
20090517	1915	4.960E+01	1.984E+01
20090517	2015	1.550E+01	6.200E+00
20090517	2115	0.000E+00	0.000E+00
20090517	2215	0.000E+00	0.000E+00
20090517	2315	0.000E+00	0.000E+00
20090518	0015	0.000E+00	0.000E+00
20090518	0115	0.000E+00	0.000E+00
20090518	0215	0.000E+00	0.000E+00
20090518	0315	0.000E+00	0.000E+00
20090518	0415	0.000E+00	0.000E+00
20090518	0515	5.770E+01	2.308E+01
20090518	0615	2.102E+02	8.408E+01
20090518	0715	2.589E+02	1.036E+02
20090518	0815	4.884E+02	1.954E+02
20090518	0915	3.103E+02	1.241E+02
20090518	1015	6.270E+02	2.508E+02
20090518	1115	7.592E+02	3.037E+02
20090518	1215	5.922E+02	2.369E+02
20090518	1315	6.022E+02	2.409E+02
20090518	1415	8.772E+02	3.509E+02
20090518	1515	6.981E+02	2.792E+02
20090518	1615	3.981E+02	1.592E+02
20090518	1715	2.900E+02	1.160E+02
20090518	1815	2.700E+02	1.080E+02
20090518	1915	1.313E+02	5.252E+01
20090518	2015	3.680E+01	1.472E+01
20090518	2115	5.100E+00	2.040E+00
20090518	2215	0.000E+00	0.000E+00
20090518	2315	0.000E+00	0.000E+00
20090519	0015	0.000E+00	0.000E+00
20090519	0115	0.000E+00	0.000E+00
20090519	0215	0.000E+00	0.000E+00
20090519	0315	0.000E+00	0.000E+00
20090519	0415	1.210E+01	4.840E+00
20090519	0515	6.290E+01	2.516E+01
20090519	0615	2.437E+02	9.748E+01
20090519	0715	2.750E+02	1.100E+02
20090519	0815	5.408E+02	2.163E+02
20090519	0915	3.869E+02	1.548E+02
20090519	1015	1.518E+02	6.072E+01
20090519	1115	9.840E+01	3.936E+01
20090519	1215	3.949E+02	1.580E+02
20090519	1315	5.892E+02	2.357E+02
20090519	1415	4.782E+02	1.913E+02
20090519	1515	6.093E+02	2.437E+02
20090519	1615	4.270E+02	1.708E+02
20090519	1715	2.229E+02	8.916E+01
20090519	1815	1.299E+02	5.196E+01
20090519	1915	4.500E+01	1.800E+01
20090519	2015	2.050E+01	8.200E+00
20090519	2115	0.000E+00	0.000E+00
20090519	2215	0.000E+00	0.000E+00
20090519	2315	0.000E+00	0.000E+00
20090520	0015	0.000E+00	0.000E+00
20090520	0115	0.000E+00	0.000E+00
20090520	0215	0.000E+00	0.000E+00
20090520	0315	0.000E+00	0.000E+00
20090520	0415	9.400E+00	3.760E+00
20090520	0515	4.230E+01	1.692E+01
20090520	0615	1.095E+02	4.380E+01
20090520	0715	1.914E+02	7.656E+01
20090520	0815	2.974E+02	1.190E+02
20090520	0915	5.020E+02	2.008E+02
20090520	1015	3.850E+02	1.540E+02
20090520	1115	3.661E+02	1.464E+02
20090520	1215	5.730E+02	2.292E+02
20090520	1315	7.553E+02	3.021E+02
20090520	1415	6.606E+02	2.642E+02
20090520	1515	2.760E+02	1.104E+02
20090520	1615	2.870E+02	1.148E+02
20090520	1715	3.055E+02	1.222E+02
20090520	1815	3.604E+02	1.442E+02
20090520	1915	2.211E+02	8.844E+01
20090520	2015	9.570E+01	3.828E+01
20090520	2115	8.800E+00	3.520E+00
20090520	2215	0.000E+00	0.000E+00
20090520	2315	0.000E+00	0.000E+00
20090521	0015	0.000E+00	0.000E+00
20090521	0115	0.000E+00	0.000E+00
20090521	0215	0.000E+00	0.000E+00
20090521	0315	0.000E+00	0.000E+00
20090521	0415	0.000E+00	0.000E+00
20090521	0515	7.600E+00	3.040E+00
20090521	0615	2.310E+01	9.240E+00
20090521	0715	4.980E+01	1.992E+01
20090521	0815	6.640E+01	2.656E+01
20090521	0915	5.840E+01	2.336E+01
20090521	1015	4.410E+01	1.764E+01
20090521	1115	6.750E+01	2.700E+01
20090521	1215	1.028E+02	4.112E+01
20090521	1315	1.552E+02	6.208E+01
20090521	1415	2.212E+02	8.848E+01
20090521	1515	8.190E+01	3.276E+01
20090521	1615	1.177E+02	4.708E+01
20090521	1715	1.007E+02	4.028E+01
20090521	1815	1.044E+02	4.176E+01
20090521	1915	6.410E+01	2.564E+01
20090521	2015	2.220E+01	8.880E+00
20090521	2115	0.000E+00	0.000E+00
20090521	2215	0.000E+00	0.000E+00
20090521	2315	0.000E+00	0.000E+00
20090522	0015	0.000E+00	0.000E+00
20090522	0115	0.000E+00	0.000E+00
20090522	0215	0.000E+00	0.000E+00
20090522	0315	0.000E+00	0.000E+00
20090522	0415	2.060E+01	8.240E+00
20090522	0515	1.177E+02	4.708E+01
20090522	0615	2.678E+02	1.071E+02
20090522	0715	4.300E+02	1.720E+02
20090522	0815	5.573E+02	2.229E+02
20090522	0915	6.815E+02	2.726E+02
20090522	1015	8.365E+02	3.346E+02
20090522	1115	9.588E+02	3.835E+02
20090522	1215	1.013E+03	4.051E+02
20090522	1315	1.006E+03	4.025E+02
20090522	1415	8.898E+02	3.559E+02
20090522	1515	7.757E+02	3.103E+02
20090522	1615	7.195E+02	2.878E+02
20090522	1715	5.953E+02	2.381E+02
20090522	1815	3.814E+02	1.526E+02
20090522	1915	2.380E+02	9.520E+01
20090522	2015	8.070E+01	3.228E+01
20090522	2115	9.400E+00	3.760E+00
20090522	2215	0.000E+00	0.000E+00
20090522	2315	0.000E+00	0.000E+00
20090523	0015	0.000E+00	0.000E+00
20090523	0115	0.000E+00	0.000E+00
20090523	0215	0.000E+00	0.000E+00
20090523	0315	0.000E+00	0.000E+00
20090523	0415	7.700E+00	3.080E+00
20090523	0515	5.650E+01	2.260E+01
20090523	0615	1.411E+02	5.644E+01
20090523	0715	3.226E+02	1.290E+02
20090523	0815	3.715E+02	1.486E+02
20090523	0915	6.723E+02	2.689E+02
20090523	1015	3.603E+02	1.441E+02
20090523	1115	4.983E+02	1.993E+02
20090523	1215	4.355E+02	1.742E+02
20090523	1315	5.617E+02	2.247E+02
20090523	1415	6.003E+02	2.401E+02
20090523	1515	6.929E+02	2.772E+02
20090523	1615	4.883E+02	1.953E+02
20090523	1715	3.860E+02	1.544E+02
20090523	1815	2.280E+02	9.120E+01
20090523	1915	1.847E+02	7.388E+01
20090523	2015	9.830E+01	3.932E+01
20090523	2115	1.390E+01	5.560E+00
20090523	2215	0.000E+00	0.000E+00
20090523	2315	0.000E+00	0.000E+00
20090524	0015	0.000E+00	0.000E+00
20090524	0115	0.000E+00	0.000E+00
20090524	0215	0.000E+00	0.000E+00
20090524	0315	0.000E+00	0.000E+00
20090524	0415	1.130E+01	4.520E+00
20090524	0515	4.170E+01	1.668E+01
20090524	0615	7.930E+01	3.172E+01
20090524	0715	1.713E+02	6.852E+01
20090524	0815	2.640E+02	1.056E+02
20090524	0915	6.982E+02	2.793E+02
20090524	1015	8.816E+02	3.526E+02
20090524	1115	9.238E+02	3.695E+02
20090524	1215	9.422E+02	3.769E+02
20090524	1315	9.549E+02	3.820E+02
20090524	1415	9.104E+02	3.642E+02
20090524	1515	8.314E+02	3.326E+02
20090524	1615	7.166E+02	2.866E+02
20090524	1715	5.958E+02	2.383E+02
20090524	1815	4.192E+02	1.677E+02
20090524	1915	2.363E+02	9.452E+01
20090524	2015	9.660E+01	3.864E+01
20090524	2115	1.420E+01	5.680E+00
20090524	2215	0.000E+00	0.000E+00
20090524	2315	0.000E+00	0.000E+00
20090525	0015	0.000E+00	0.000E+00
20090525	0115	0.000E+00	0.000E+00
20090525	0215	0.000E+00	0.000E+00
20090525	0315	0.000E+00	0.000E+00
20090525	0415	9.000E+00	3.600E+00
20090525	0515	4.480E+01	1.792E+01
20090525	0615	1.439E+02	5.756E+01
20090525	0715	2.566E+02	1.026E+02
20090525	0815	3.855E+02	1.542E+02
20090525	0915	3.175E+02	1.270E+02
20090525	1015	4.300E+02	1.720E+02
20090525	1115	3.217E+02	1.287E+02
20090525	1215	2.222E+02	8.888E+01
20090525	1315	1.694E+02	6.776E+01
20090525	1415	1.710E+02	6.840E+01
20090525	1515	9.450E+01	3.780E+01
20090525	1615	1.157E+02	4.628E+01
20090525	1715	8.250E+01	3.300E+01
20090525	1815	7.110E+01	2.844E+01
20090525	1915	4.210E+01	1.684E+01
20090525	2015	1.520E+01	6.080E+00
20090525	2115	0.000E+00	0.000E+00
20090525	2215	0.000E+00	0.000E+00
20090525	2315	0.000E+00	0.000E+00
20090526	0015	0.000E+00	0.000E+00
20090526	0115	0.000E+00	0.000E+00
20090526	0215	0.000E+00	0.000E+00
20090526	0315	0.000E+00	0.000E+00
20090526	0415	1.860E+01	7.440E+00
20090526	0515	8.780E+01	3.512E+01
20090526	0615	1.974E+02	7.896E+01
20090526	0715	3.344E+02	1.338E+02
20090526	0815	6.228E+02	2.491E+02
20090526	0915	7.602E+02	3.041E+02
20090526	1015	8.718E+02	3.487E+02
20090526	1115	9.125E+02	3.650E+02
20090526	1215	9.493E+02	3.797E+02
20090526	1315	9.564E+02	3.826E+02
20090526	1415	9.679E+02	3.872E+02
20090526	1515	7.291E+02	2.916E+02
20090526	1615	6.379E+02	2.552E+02
20090526	1715	4.187E+02	1.675E+02
20090526	1815	2.294E+02	9.176E+01
20090526	1915	8.560E+01	3.424E+01
20090526	2015	2.740E+01	1.096E+01
20090526	2115	5.300E+00	2.120E+00
20090526	2215	0.000E+00	0.000E+00
20090526	2315	0.000E+00	0.000E+00
20090527	0015	0.000E+00	0.000E+00
20090527	0115	0.000E+00	0.000E+00
20090527	0215	0.000E+00	0.000E+00
20090527	0315	0.000E+00	0.000E+00
20090527	0415	7.600E+00	3.040E+00
20090527	0515	7.540E+01	3.016E+01
20090527	0615	2.997E+02	1.199E+02
20090527	0715	4.738E+02	1.895E+02
20090527	0815	6.225E+02	2.490E+02
20090527	0915	5.972E+02	2.389E+02
20090527	1015	3.902E+02	1.561E+02
20090527	1115	4.131E+02	1.652E+02
20090527	1215	8.706E+02	3.482E+02
20090527	1315	7.133E+02	2.853E+02
20090527	1415	7.658E+02	3.063E+02
20090527	1515	5.458E+02	2.183E+02
20090527	1615	6.063E+02	2.425E+02
20090527	1715	6.256E+02	2.502E+02
20090527	1815	4.418E+02	1.767E+02
20090527	1915	2.590E+02	1.036E+02
20090527	2015	1.161E+02	4.644E+01
20090527	2115	1.760E+01	7.040E+00
20090527	2215	0.000E+00	0.000E+00
20090527	2315	0.000E+00	0.000E+00
20090528	0015	0.000E+00	0.000E+00
20090528	0115	0.000E+00	0.000E+00
20090528	0215	0.000E+00	0.000E+00
20090528	0315	0.000E+00	0.000E+00
20090528	0415	3.810E+01	1.524E+01
20090528	0515	1.430E+02	5.720E+01
20090528	0615	2.986E+02	1.194E+02
20090528	0715	4.832E+02	1.933E+02
20090528	0815	6.232E+02	2.493E+02
20090528	0915	7.139E+02	2.856E+02
20090528	1015	7.022E+02	2.809E+02
20090528	1115	8.430E+02	3.372E+02
20090528	1215	9.636E+02	3.854E+02
20090528	1315	1.001E+03	4.004E+02
20090528	1415	9.202E+02	3.681E+02
20090528	1515	8.310E+02	3.324E+02
20090528	1615	7.213E+02	2.885E+02
20090528	1715	5.738E+02	2.295E+02
20090528	1815	2.829E+02	1.132E+02
20090528	1915	1.789E+02	7.156E+01
20090528	2015	9.160E+01	3.664E+01
20090528	2115	2.330E+01	9.320E+00
20090528	2215	0.000E+00	0.000E+00
20090528	2315	0.000E+00	0.000E+00
20090529	0015	0.000E+00	0.000E+00
20090529	0115	0.000E+00	0.000E+00
20090529	0215	0.000E+00	0.000E+00
20090529	0315	0.000E+00	0.000E+00
20090529	0415	3.120E+01	1.248E+01
20090529	0515	1.644E+02	6.576E+01
20090529	0615	3.019E+02	1.208E+02
20090529	0715	4.902E+02	1.961E+02
20090529	0815	6.635E+02	2.654E+02
20090529	0915	7.606E+02	3.042E+02
20090529	1015	8.912E+02	3.565E+02
20090529	1115	9.309E+02	3.724E+02
20090529	1215	9.607E+02	3.843E+02
20090529	1315	9.955E+02	3.982E+02
20090529	1415	9.531E+02	3.812E+02
20090529	1515	8.454E+02	3.382E+02
20090529	1615	7.394E+02	2.958E+02
20090529	1715	6.269E+02	2.508E+02
20090529	1815	4.466E+02	1.786E+02
20090529	1915	2.623E+02	1.049E+02
20090529	2015	1.177E+02	4.708E+01
20090529	2115	2.420E+01	9.680E+00
20090529	2215	0.000E+00	0.000E+00
20090529	2315	0.000E+00	0.000E+00
20090530	0015	0.000E+00	0.000E+00
20090530	0115	0.000E+00	0.000E+00
20090530	0215	0.000E+00	0.000E+00
20090530	0315	0.000E+00	0.000E+00
20090530	0415	4.300E+01	1.720E+01
20090530	0515	1.451E+02	5.804E+01
20090530	0615	3.004E+02	1.202E+02
20090530	0715	4.774E+02	1.910E+02
20090530	0815	6.455E+02	2.582E+02
20090530	0915	7.525E+02	3.010E+02
20090530	1015	8.873E+02	3.549E+02
20090530	1115	9.312E+02	3.725E+02
20090530	1215	9.608E+02	3.843E+02
20090530	1315	9.980E+02	3.992E+02
20090530	1415	9.571E+02	3.828E+02
20090530	1515	8.509E+02	3.404E+02
20090530	1615	7.437E+02	2.975E+02
20090530	1715	6.293E+02	2.517E+02
20090530	1815	4.513E+02	1.805E+02
20090530	1915	2.677E+02	1.071E+02
20090530	2015	1.233E+02	4.932E+01
20090530	2115	2.700E+01	1.080E+01
20090530	2215	0.000E+00	0.000E+00
20090530	2315	0.000E+00	0.000E+00
20090531	0015	0.000E+00	0.000E+00
20090531	0115	0.000E+00	0.000E+00
20090531	0215	0.000E+00	0.000E+00
20090531	0315	0.000E+00	0.000E+00
20090531	0415	4.120E+01	1.648E+01
20090531	0515	1.484E+02	5.936E+01
20090531	0615	3.029E+02	1.212E+02
20090531	0715	4.806E+02	1.922E+02
20090531	0815	6.477E+02	2.591E+02
20090531	0915	7.529E+02	3.012E+02
20090531	1015	8.835E+02	3.534E+02
20090531	1115	9.293E+02	3.717E+02
20090531	1215	9.612E+02	3.845E+02
20090531	1315	9.951E+02	3.980E+02
20090531	1415	9.520E+02	3.808E+02
20090531	1515	8.426E+02	3.370E+02
20090531	1615	7.418E+02	2.967E+02
20090531	1715	5.819E+02	2.328E+02
20090531	1815	3.601E+02	1.440E+02
20090531	1915	2.407E+02	9.628E+01
20090531	2015	7.260E+01	2.904E+01
20090531	2115	1.700E+01	6.800E+00
20090531	2215	0.000E+00	0.000E+00
20090531	2315	0.000E+00	0.000E+00
20090601	0015	0.000E+00	0.000E+00
20090601	0115	0.000E+00	0.000E+00
20090601	0215	0.000E+00	0.000E+00
20090601	0315	0.000E+00	0.000E+00
20090601	0415	2.330E+01	9.320E+00
20090601	0515	1.007E+02	4.028E+01
20090601	0615	2.067E+02	8.268E+01
20090601	0715	2.695E+02	1.078E+02
20090601	0815	3.756E+02	1.502E+02
20090601	0915	4.042E+02	1.617E+02
20090601	1015	3.934E+02	1.574E+02
20090601	1115	3.855E+02	1.542E+02
20090601	1215	7.839E+02	3.136E+02
20090601	1315	8.053E+02	3.221E+02
20090601	1415	6.853E+02	2.741E+02
20090601	1515	7.776E+02	3.110E+02
20090601	1615	4.530E+02	1.812E+02
20090601	1715	5.106E+02	2.042E+02
20090601	1815	1.883E+02	7.532E+01
20090601	1915	2.120E+02	8.480E+01
20090601	2015	3.590E+01	1.436E+01
20090601	2115	4.200E+00	1.680E+00
20090601	2215	0.000E+00	0.000E+00
20090601	2315	0.000E+00	0.000E+00
20090602	0015	0.000E+00	0.000E+00
20090602	0115	0.000E+00	0.000E+00
20090602	0215	0.000E+00	0.000E+00
20090602	0315	0.000E+00	0.000E+00
20090602	0415	3.880E+01	1.552E+01
20090602	0515	1.432E+02	5.728E+01
20090602	0615	2.961E+02	1.184E+02
20090602	0715	4.751E+02	1.900E+02
20090602	0815	6.469E+02	2.588E+02
20090602	0915	5.292E+02	2.117E+02
20090602	1015	8.345E+02	3.338E+02
20090602	1115	5.910E+02	2.364E+02
20090602	1215	8.692E+02	3.477E+02
20090602	1315	9.910E+02	3.964E+02
20090602	1415	6.067E+02	2.427E+02
20090602	1515	8.801E+02	3.520E+02
20090602	1615	6.630E+02	2.652E+02
20090602	1715	5.392E+02	2.157E+02
20090602	1815	3.676E+02	1.470E+02
20090602	1915	2.573E+02	1.029E+02
20090602	2015	1.217E+02	4.868E+01
20090602	2115	2.330E+01	9.320E+00
20090602	2215	0.000E+00	0.000E+00
20090602	2315	0.000E+00	0.000E+00
20090603	0015	0.000E+00	0.000E+00
20090603	0115	0.000E+00	0.000E+00
20090603	0215	0.000E+00	0.000E+00
20090603	0315	0.000E+00	0.000E+00
20090603	0415	4.290E+01	1.716E+01
20090603	0515	1.465E+02	5.860E+01
20090603	0615	2.977E+02	1.191E+02
20090603	0715	4.743E+02	1.897E+02
20090603	0815	5.617E+02	2.247E+02
20090603	0915	6.841E+02	2.736E+02
20090603	1015	8.057E+02	3.223E+02
20090603	1115	7.662E+02	3.065E+02
20090603	1215	4.751E+02	1.900E+02
20090603	1315	6.376E+02	2.550E+02
20090603	1415	6.732E+02	2.693E+02
20090603	1515	4.364E+02	1.746E+02
20090603	1615	3.181E+02	1.272E+02
20090603	1715	3.192E+02	1.277E+02
20090603	1815	1.645E+02	6.580E+01
20090603	1915	8.580E+01	3.432E+01
20090603	2015	4.010E+01	1.604E+01
20090603	2115	9.900E+00	3.960E+00
20090603	2215	0.000E+00	0.000E+00
20090603	2315	0.000E+00	0.000E+00
20090604	0015	0.000E+00	0.000E+00
20090604	0115	0.000E+00	0.000E+00
20090604	0215	0.000E+00	0.000E+00
20090604	0315	0.000E+00	0.000E+00
20090604	0415	1.410E+01	5.640E+00
20090604	0515	4.570E+01	1.828E+01
20090604	0615	8.290E+01	3.316E+01
20090604	0715	2.758E+02	1.103E+02
20090604	0815	4.121E+02	1.648E+02
20090604	0915	5.295E+02	2.118E+02
20090604	1015	4.186E+02	1.674E+02
20090604	1115	3.276E+02	1.310E+02
20090604	1215	6.396E+02	2.558E+02
20090604	1315	5.733E+02	2.293E+02
20090604	1415	4.707E+02	1.883E+02
20090604	1515	4.529E+02	1.812E+02
20090604	1615	4.133E+02	1.653E+02
20090604	1715	2.768E+02	1.107E+02
20090604	1815	1.313E+02	5.252E+01
20090604	1915	1.363E+02	5.452E+01
20090604	2015	9.630E+01	3.852E+01
20090604	2115	2.690E+01	1.076E+01
20090604	2215	0.000E+00	0.000E+00
20090604	2315	0.000E+00	0.000E+00
20090605	0015	0.000E+00	0.000E+00
20090605	0115	0.000E+00	0.000E+00
20090605	0215	0.000E+00	0.000E+00
20090605	0315	0.000E+00	0.000E+00
20090605	0415	4.140E+01	1.656E+01
20090605	0515	1.472E+02	5.888E+01
20090605	0615	2.993E+02	1.197E+02
20090605	0715	4.648E+02	1.859E+02
20090605	0815	5.648E+02	2.259E+02
20090605	0915	5.799E+02	2.320E+02
20090605	1015	4.547E+02	1.819E+02
20090605	1115	4.193E+02	1.677E+02
20090605	1215	7.451E+02	2.980E+02
20090605	1315	1.001E+03	4.004E+02
20090605	1415	8.782E+02	3.513E+02
20090605	1515	8.664E+02	3.466E+02
20090605	1615	7.498E+02	2.999E+02
20090605	1715	6.388E+02	2.555E+02
20090605	1815	4.434E+02	1.774E+02
20090605	1915	2.039E+02	8.156E+01
20090605	2015	7.390E+01	2.956E+01
20090605	2115	1.930E+01	7.720E+00
20090605	2215	0.000E+00	0.000E+00
20090605	2315	0.000E+00	0.000E+00
20090606	0015	0.000E+00	0.000E+00
20090606	0115	0.000E+00	0.000E+00
20090606	0215	0.000E+00	0.000E+00
20090606	0315	0.000E+00	0.000E+00
20090606	0415	2.460E+01	9.840E+00
20090606	0515	1.092E+02	4.368E+01
20090606	0615	2.295E+02	9.180E+01
20090606	0715	2.817E+02	1.127E+02
20090606	0815	6.519E+02	2.608E+02
20090606	0915	3.159E+02	1.264E+02
20090606	1015	8.362E+02	3.345E+02
20090606	1115	3.199E+02	1.280E+02
20090606	1215	5.986E+02	2.394E+02
20090606	1315	5.214E+02	2.086E+02
20090606	1415	1.476E+02	5.904E+01
20090606	1515	2.998E+02	1.199E+02
20090606	1615	1.534E+02	6.136E+01
20090606	1715	4.738E+02	1.895E+02
20090606	1815	3.573E+02	1.429E+02
20090606	1915	9.200E+01	3.680E+01
20090606	2015	4.840E+01	1.936E+01
20090606	2115	1.750E+01	7.000E+00
20090606	2215	0.000E+00	0.000E+00
20090606	2315	0.000E+00	0.000E+00
20090607	0015	0.000E+00	0.000E+00
20090607	0115	0.000E+00	0.000E+00
20090607	0215	0.000E+00	0.000E+00
20090607	0315	0.000E+00	0.000E+00
20090607	0415	1.660E+01	6.640E+00
20090607	0515	4.090E+01	1.636E+01
20090607	0615	1.044E+02	4.176E+01
20090607	0715	2.150E+02	8.600E+01
20090607	0815	6.248E+02	2.499E+02
20090607	0915	3.349E+02	1.340E+02
20090607	1015	7.777E+02	3.111E+02
20090607	1115	8.725E+02	3.490E+02
20090607	1215	9.798E+02	3.919E+02
20090607	1315	9.315E+02	3.726E+02
20090607	1415	8.770E+02	3.508E+02
20090607	1515	7.481E+02	2.992E+02
20090607	1615	4.518E+02	1.807E+02
20090607	1715	3.062E+02	1.225E+02
20090607	1815	2.730E+02	1.092E+02
20090607	1915	1.210E+02	4.840E+01
20090607	2015	5.150E+01	2.060E+01
20090607	2115	2.760E+01	1.104E+01
20090607	2215	0.000E+00	0.000E+00
20090607	2315	0.000E+00	0.000E+00
20090608	0015	0.000E+00	0.000E+00
20090608	0115	0.000E+00	0.000E+00
20090608	0215	0.000E+00	0.000E+00
20090608	0315	0.000E+00	0.000E+00
20090608	0415	4.390E+01	1.756E+01
20090608	0515	1.484E+02	5.936E+01
20090608	0615	3.018E+02	1.207E+02
20090608	0715	4.815E+02	1.926E+02
20090608	0815	6.446E+02	2.578E+02
20090608	0915	6.506E+02	2.602E+02
20090608	1015	6.940E+02	2.776E+02
20090608	1115	6.808E+02	2.723E+02
20090608	1215	2.478E+02	9.912E+01
20090608	1315	2.059E+02	8.236E+01
20090608	1415	6.032E+02	2.413E+02
20090608	1515	7.161E+02	2.864E+02
20090608	1615	3.718E+02	1.487E+02
20090608	1715	4.257E+02	1.703E+02
20090608	1815	2.829E+02	1.132E+02
20090608	1915	1.082E+02	4.328E+01
20090608	2015	3.950E+01	1.580E+01
20090608	2115	9.400E+00	3.760E+00
20090608	2215	0.000E+00	0.000E+00
20090608	2315	0.000E+00	0.000E+00
20090609	0015	0.000E+00	0.000E+00
20090609	0115	0.000E+00	0.000E+00
20090609	0215	0.000E+00	0.000E+00
20090609	0315	0.000E+00	0.000E+00
20090609	0415	1.120E+01	4.480E+00
20090609	0515	5.310E+01	2.124E+01
20090609	0615	1.357E+02	5.428E+01
20090609	0715	1.151E+02	4.604E+01
20090609	0815	1.475E+02	5.900E+01
20090609	0915	1.878E+02	7.512E+01
20090609	1015	3.349E+02	1.340E+02
20090609	1115	1.673E+02	6.692E+01
20090609	1215	1.540E+02	6.160E+01
20090609	1315	1.544E+02	6.176E+01
20090609	1415	2.180E+02	8.720E+01
20090609	1515	2.359E+02	9.436E+01
20090609	1615	1.811E+02	7.244E+01
20090609	1715	1.239E+02	4.956E+01
20090609	1815	1.110E+02	4.440E+01
20090609	1915	4.900E+01	1.960E+01
20090609	2015	2.200E+01	8.800E+00
20090609	2115	4.500E+00	1.800E+00
20090609	2215	0.000E+00	0.000E+00
20090609	2315	0.000E+00	0.000E+00
20090610	0015	0.000E+00	0.000E+00
20090610	0115	0.000E+00	0.000E+00
20090610	0215	0.000E+00	0.000E+00
20090610	0315	0.000E+00	0.000E+00
20090610	0415	7.900E+00	3.160E+00
20090610	0515	2.960E+01	1.184E+01
20090610	0615	1.807E+02	7.228E+01
20090610	0715	1.734E+02	6.936E+01
20090610	0815	2.129E+02	8.516E+01
20090610	0915	3.765E+02	1.506E+02
20090610	1015	2.768E+02	1.107E+02
20090610	1115	3.484E+02	1.394E+02
20090610	1215	5.468E+02	2.187E+02
20090610	1315	4.697E+02	1.879E+02
20090610	1415	6.238E+02	2.495E+02
20090610	1515	3.238E+02	1.295E+02
20090610	1615	3.476E+02	1.390E+02
20090610	1715	3.135E+02	1.254E+02
20090610	1815	2.057E+02	8.228E+01
20090610	1915	1.066E+02	4.264E+01
20090610	2015	5.500E+01	2.200E+01
20090610	2115	1.450E+01	5.800E+00
20090610	2215	0.000E+00	0.000E+00
20090610	2315	0.000E+00	0.000E+00
20090611	0015	0.000E+00	0.000E+00
20090611	0115	0.000E+00	0.000E+00
20090611	0215	0.000E+00	0.000E+00
20090611	0315	0.000E+00	0.000E+00
20090611	0415	9.300E+00	3.720E+00
20090611	0515	2.950E+01	1.180E+01
20090611	0615	3.080E+01	1.232E+01
20090611	0715	4.300E+01	1.720E+01
20090611	0815	7.960E+01	3.184E+01
20090611	0915	1.569E+02	6.276E+01
20090611	1015	1.348E+02	5.392E+01
20090611	1115	1.973E+02	7.892E+01
20090611	1215	1.937E+02	7.748E+01
20090611	1315	2.605E+02	1.042E+02
20090611	1415	2.229E+02	8.916E+01
20090611	1515	1.594E+02	6.376E+01
20090611	1615	8.990E+01	3.596E+01
20090611	1715	1.193E+02	4.772E+01
20090611	1815	9.030E+01	3.612E+01
20090611	1915	6.190E+01	2.476E+01
20090611	2015	5.130E+01	2.052E+01
20090611	2115	1.140E+01	4.560E+00
20090611	2215	0.000E+00	0.000E+00
20090611	2315	0.000E+00	0.000E+00
20090612	0015	0.000E+00	0.000E+00
20090612	0115	0.000E+00	0.000E+00
20090612	0215	0.000E+00	0.000E+00
20090612	0315	0.000E+00	0.000E+00
20090612	0415	2.040E+01	8.160E+00
20090612	0515	5.610E+01	2.244E+01
20090612	0615	1.458E+02	5.832E+01
20090612	0715	1.654E+02	6.616E+01
20090612	0815	2.589E+02	1.036E+02
20090612	0915	4.713E+02	1.885E+02
20090612	1015	4.534E+02	1.814E+02
20090612	1115	5.760E+02	2.304E+02
20090612	1215	7.587E+02	3.035E+02
20090612	1315	5.237E+02	2.095E+02
20090612	1415	3.103E+02	1.241E+02
20090612	1515	1.837E+02	7.348E+01
20090612	1615	2.085E+02	8.340E+01
20090612	1715	3.051E+02	1.220E+02
20090612	1815	5.251E+02	2.100E+02
20090612	1915	3.539E+02	1.416E+02
20090612	2015	1.377E+02	5.508E+01
20090612	2115	3.440E+01	1.376E+01
20090612	2215	0.000E+00	0.000E+00
20090612	2315	0.000E+00	0.000E+00
20090613	0015	0.000E+00	0.000E+00
20090613	0115	0.000E+00	0.000E+00
20090613	0215	0.000E+00	0.000E+00
20090613	0315	0.000E+00	0.000E+00
20090613	0415	3.680E+01	1.472E+01
20090613	0515	8.430E+01	3.372E+01
20090613	0615	3.108E+02	1.243E+02
20090613	0715	4.872E+02	1.949E+02
20090613	0815	6.560E+02	2.624E+02
20090613	0915	7.647E+02	3.059E+02
20090613	1015	8.999E+02	3.600E+02
20090613	1115	9.488E+02	3.795E+02
20090613	1215	9.824E+02	3.930E+02
20090613	1315	1.048E+03	4.192E+02
20090613	1415	1.014E+03	4.054E+02
20090613	1515	7.271E+02	2.908E+02
20090613	1615	4.673E+02	1.869E+02
20090613	1715	6.333E+02	2.533E+02
20090613	1815	4.739E+02	1.896E+02
20090613	1915	2.635E+02	1.054E+02
20090613	2015	5.150E+01	2.060E+01
20090613	2115	1.950E+01	7.800E+00
20090613	2215	0.000E+00	0.000E+00
20090613	2315	0.000E+00	0.000E+00
20090614	0015	0.000E+00	0.000E+00
20090614	0115	0.000E+00	0.000E+00
20090614	0215	0.000E+00	0.000E+00
20090614	0315	0.000E+00	0.000E+00
20090614	0415	2.530E+01	1.012E+01
20090614	0515	9.360E+01	3.744E+01
20090614	0615	2.970E+02	1.188E+02
20090614	0715	3.629E+02	1.452E+02
20090614	0815	5.157E+02	2.063E+02
20090614	0915	5.367E+02	2.147E+02
20090614	1015	8.659E+02	3.464E+02
20090614	1115	8.803E+02	3.521E+02
20090614	1215	8.901E+02	3.560E+02
20090614	1315	7.561E+02	3.024E+02
20090614	1415	8.148E+02	3.259E+02
20090614	1515	7.959E+02	3.184E+02
20090614	1615	7.742E+02	3.097E+02
20090614	1715	6.600E+02	2.640E+02
20090614	1815	4.795E+02	1.918E+02
20090614	1915	2.930E+02	1.172E+02
20090614	2015	1.388E+02	5.552E+01
20090614	2115	3.190E+01	1.276E+01
20090614	2215	0.000E+00	0.000E+00
20090614	2315	0.000E+00	0.000E+00
20090615	0015	0.000E+00	0.000E+00
20090615	0115	0.000E+00	0.000E+00
20090615	0215	0.000E+00	0.000E+00
20090615	0315	0.000E+00	0.000E+00
20090615	0415	1.990E+01	7.960E+00
20090615	0515	6.870E+01	2.748E+01
20090615	0615	1.618E+02	6.472E+01
20090615	0715	4.222E+02	1.689E+02
20090615	0815	6.409E+02	2.564E+02
20090615	0915	6.098E+02	2.439E+02
20090615	1015	6.642E+02	2.657E+02
20090615	1115	8.090E+02	3.236E+02
20090615	1215	8.541E+02	3.416E+02
20090615	1315	7.921E+02	3.168E+02
20090615	1415	9.088E+02	3.635E+02
20090615	1515	7.861E+02	3.144E+02
20090615	1615	6.920E+02	2.768E+02
20090615	1715	6.518E+02	2.607E+02
20090615	1815	4.757E+02	1.903E+02
20090615	1915	1.580E+02	6.320E+01
20090615	2015	5.480E+01	2.192E+01
20090615	2115	2.150E+01	8.600E+00
20090615	2215	0.000E+00	0.000E+00
20090615	2315	0.000E+00	0.000E+00
20090616	0015	0.000E+00	0.000E+00
20090616	0115	0.000E+00	0.000E+00
20090616	0215	0.000E+00	0.000E+00
20090616	0315	4.400E+00	1.760E+00
20090616	0415	4.290E+01	1.716E+01
20090616	0515	1.582E+02	6.328E+01
20090616	0615	3.131E+02	1.252E+02
20090616	0715	4.982E+02	1.993E+02
20090616	0815	5.135E+02	2.054E+02
20090616	0915	5.752E+02	2.301E+02
20090616	1015	5.518E+02	2.207E+02
20090616	1115	9.477E+02	3.791E+02
20090616	1215	9.668E+02	3.867E+02
20090616	1315	1.013E+03	4.050E+02
20090616	1415	9.732E+02	3.893E+02
20090616	1515	8.608E+02	3.443E+02
20090616	1615	7.553E+02	3.021E+02
20090616	1715	6.044E+02	2.418E+02
20090616	1815	4.187E+02	1.675E+02
20090616	1915	1.519E+02	6.076E+01
20090616	2015	5.190E+01	2.076E+01
20090616	2115	1.440E+01	5.760E+00
20090616	2215	0.000E+00	0.000E+00
20090616	2315	0.000E+00	0.000E+00
20090617	0015	0.000E+00	0.000E+00
20090617	0115	0.000E+00	0.000E+00
20090617	0215	0.000E+00	0.000E+00
20090617	0315	0.000E+00	0.000E+00
20090617	0415	9.100E+00	3.640E+00
20090617	0515	2.340E+01	9.360E+00
20090617	0615	4.610E+01	1.844E+01
20090617	0715	3.510E+01	1.404E+01
20090617	0815	1.167E+02	4.668E+01
20090617	0915	1.687E+02	6.748E+01
20090617	1015	2.856E+02	1.142E+02
20090617	1115	3.394E+02	1.358E+02
20090617	1215	4.967E+02	1.987E+02
20090617	1315	7.604E+02	3.042E+02
20090617	1415	3.222E+02	1.289E+02
20090617	1515	6.432E+02	2.573E+02
20090617	1615	4.408E+02	1.763E+02
20090617	1715	3.473E+02	1.389E+02
20090617	1815	3.086E+02	1.234E+02
20090617	1915	1.422E+02	5.688E+01
20090617	2015	6.450E+01	2.580E+01
20090617	2115	2.830E+01	1.132E+01
20090617	2215	0.000E+00	0.000E+00
20090617	2315	0.000E+00	0.000E+00
20090618	0015	0.000E+00	0.000E+00
20090618	0115	0.000E+00	0.000E+00
20090618	0215	0.000E+00	0.000E+00
20090618	0315	0.000E+00	0.000E+00
20090618	0415	4.680E+01	1.872E+01
20090618	0515	1.634E+02	6.536E+01
20090618	0615	3.284E+02	1.314E+02
20090618	0715	4.733E+02	1.893E+02
20090618	0815	5.943E+02	2.377E+02
20090618	0915	6.261E+02	2.504E+02
20090618	1015	5.818E+02	2.327E+02
20090618	1115	7.570E+02	3.028E+02
20090618	1215	9.129E+02	3.652E+02
20090618	1315	8.994E+02	3.598E+02
20090618	1415	7.306E+02	2.922E+02
20090618	1515	8.107E+02	3.243E+02
20090618	1615	8.811E+02	3.524E+02
20090618	1715	5.964E+02	2.386E+02
20090618	1815	5.144E+02	2.058E+02
20090618	1915	3.211E+02	1.284E+02
20090618	2015	8.050E+01	3.220E+01
20090618	2115	2.250E+01	9.000E+00
20090618	2215	0.000E+00	0.000E+00
20090618	2315	0.000E+00	0.000E+00
20090619	0015	0.000E+00	0.000E+00
20090619	0115	0.000E+00	0.000E+00
20090619	0215	0.000E+00	0.000E+00
20090619	0315	0.000E+00	0.000E+00
20090619	0415	1.920E+01	7.680E+00
20090619	0515	6.450E+01	2.580E+01
20090619	0615	1.951E+02	7.804E+01
20090619	0715	3.626E+02	1.450E+02
20090619	0815	5.076E+02	2.030E+02
20090619	0915	6.134E+02	2.454E+02
20090619	1015	4.043E+02	1.617E+02
20090619	1115	3.255E+02	1.302E+02
20090619	1215	6.020E+02	2.408E+02
20090619	1315	6.927E+02	2.771E+02
20090619	1415	1.019E+03	4.074E+02
20090619	1515	7.349E+02	2.940E+02
20090619	1615	7.833E+02	3.133E+02
20090619	1715	1.836E+02	7.344E+01
20090619	1815	9.400E+01	3.760E+01
20090619	1915	2.574E+02	1.030E+02
20090619	2015	6.520E+01	2.608E+01
20090619	2115	3.590E+01	1.436E+01
20090619	2215	0.000E+00	0.000E+00
