quadrilateral 4
32   51  4  2
1.0E+00  0.5E+00
20200101  0000
20200101  0001
s
9999.  9999.
2
 1.6E+00  1.6E+00  1.0E+00  1.0E+00 100.0E+00  0.0E+00
 0.2E+00  0.2E+00  1.0E+00  1.0E+00  15.0E+00  0.0E+00
 1 1 1 1 1 1 1 1 1 1 
 2 2 2 2 2 2
 1 1 1 1 1 1 1 1 1 1
 2 2 2 2 2 2
  0.0000E+00  0.0000E+00
  0.2500E-01  0.0000E+00
  0.5000E-01  0.0000E+00
  0.7500E-01  0.0000E+00
  0.1000E+00  0.0000E+00
  0.1250E+00  0.0000E+00
  0.1500E+00  0.0000E+00
  0.1750E+00  0.0000E+00
  0.2000E+00  0.0000E+00
  0.2250E+00  0.0000E+00
  0.2500E+00  0.0000E+00
  0.2750E+00  0.0000E+00
  0.3000E+00  0.0000E+00
  0.3250E+00  0.0000E+00
  0.3500E+00  0.0000E+00
  0.3750E+00  0.0000E+00
  0.4000E+00  0.0000E+00
  0.0000E+00 -0.2500E-01
  0.2500E-01 -0.2500E-01
  0.5000E-01 -0.2500E-01
  0.7500E-01 -0.2500E-01
  0.1000E+00 -0.2500E-01
  0.1250E+00 -0.2500E-01
  0.1500E+00 -0.2500E-01
  0.1750E+00 -0.2500E-01
  0.2000E+00 -0.2500E-01
  0.2250E+00 -0.2500E-01
  0.2500E+00 -0.2500E-01
  0.2750E+00 -0.2500E-01
  0.3000E+00 -0.2500E-01
  0.3250E+00 -0.2500E-01
  0.3500E+00 -0.2500E-01
  0.3750E+00 -0.2500E-01
  0.4000E+00 -0.2500E-01
  0.0000E+00 -0.5000E-01
  0.2500E-01 -0.5000E-01
  0.5000E-01 -0.5000E-01
  0.7500E-01 -0.5000E-01
  0.1000E+00 -0.5000E-01
  0.1250E+00 -0.5000E-01
  0.1500E+00 -0.5000E-01
  0.1750E+00 -0.5000E-01
  0.2000E+00 -0.5000E-01
  0.2250E+00 -0.5000E-01
  0.2500E+00 -0.5000E-01
  0.2750E+00 -0.5000E-01
  0.3000E+00 -0.5000E-01
  0.3250E+00 -0.5000E-01
  0.3500E+00 -0.5000E-01
  0.3750E+00 -0.5000E-01
  0.4000E+00 -0.5000E-01
   18    1    2   19
   19    2    3   20
   20    3    4   21
   21    4    5   22
   22    5    6   23
   23    6    7   24
   24    7    8   25
   25    8    9   26
   26    9   10   27
   27   10   11   28
   28   11   12   29
   29   12   13   30
   30   13   14   31
   31   14   15   32
   32   15   16   33
   33   16   17   34
   35   18   19   36
   36   19   20   37
   37   20   21   38
   38   21   22   39
   39   22   23   40
   40   23   24   41
   41   24   25   42
   42   25   26   43
   43   26   27   44
   44   27   28   45
   45   28   29   46
   46   29   30   47
   47   30   31   48
   48   31   32   49
   49   32   33   50
   50   33   34   51
 0
 0
 0
 4
 2
 2
 left.dat
 right.dat 
  1 1  1
 17 1  1
 16 2  2
 32 2  2 
0
0.0
60  
1
Node_25   0.2500E+00 -0.2500E-01